-31     79      2490    2294
35      141     2490    2294
-19     101     2490    2294
125     109     2490    2294
45      129     2490    2294
220     137     2490    2294
203     164     2490    2294
222     123     2490    2294
289     126     2490    2294
138     67      2490    2294
276     132     2490    2294
133     74      2490    2294
113     45      2490    2294
120     43      2490    2294
138     46      2490    2294
153     20      2490    2294
143     15      2490    2294
145     9       2490    2294
135     22      2490    2294
143     22      2490    2294
134     16      2490    2294
138     9       3174    2972
117     124     3111    2951
191     -53     3333    3025
166     -60     3258    3000
69      202     2967    2903
228     -10     3444    3062
171     -112    3273    3005
161     -2      3243    2995
87      71      3021    2921
145     -20     3195    2979
253     -4      3500    3087
160     -79     3240    2994
172     -97     3276    3006
192     -97     3336    3026
125     -126    3135    2959
99      -3      3057    2933
165     -72     3255    2999
161     -18     3243    2995
164     -126    3252    2998
123     -55     3129    2957
137     -108    3171    2971
182     -82     3306    3016
100     -58     3060    2934
78      -68     2994    2912
43      -107    2889    2877
57      -50     2931    2891
77      27      2991    2911
48      -66     2904    2882
40      -53     2880    2874
42      1       2886    2876
42      -96     2886    2876
55      -62     2925    2889
