-6      123     2490    2294
22      150     2490    2294
72      159     2490    2294
-18     148     2490    2294
66      116     2490    2294
160     93      2490    2294
86      199     2490    2294
112     176     2490    2294
137     199     2490    2294
163     179     2490    2294
161     93      2490    2294
189     49      2490    2294
182     80      2490    2294
187     80      2490    2294
185     52      2490    2294
196     57      2490    2294
163     46      2490    2294
164     46      2490    2294
133     20      2490    2294
180     24      2490    2294
168     35      2490    2294
152     12      2490    2294
153     28      2508    2294
152     12      2490    2294
147     19      2490    2294
168     15      2490    2294
152     11      2490    2294
153     8       2490    2294
159     14      2490    2294
159     17      2490    2294
151     9       2490    2294
209     237     3500    3252
192     -41     3500    3218
128     33      3500    3090
149     81      3500    3132
117     108     3500    3068
133     -106    3500    3100
226     15      3500    3286
118     -83     3500    3070
225     -27     3500    3284
220     -112    3500    3274
16      -72     2952    2866
162     45      3500    3158
-67     87      3500    2700
15      25      2940    2864
-51     -176    3372    2732
13      -83     2916    2860
-21     -112    3012    2792
34      -92     3168    2902
10      26      2880    2854
-13     117     2916    2808
-16     0       2952    2802
13      -25     2916    2860
16      5       2952    2866
4       18      2808    2842
11      9       2892    2856
-5      18      2820    2824
32      104     3144    2898
