-97     35      2490    2294
-16     106     2490    2294
57      135     2490    2294
35      169     2490    2294
132     119     2490    2294
39      117     2490    2294
159     169     2490    2294
184     91      2490    2294
285     108     2490    2294
81      123     2490    2294
212     121     2490    2294
185     126     2490    2294
109     60      2490    2294
157     63      2490    2294
186     83      2490    2294
146     21      2490    2294
152     35      2490    2294
152     21      2490    2294
173     21      2490    2294
153     31      2490    2294
126     14      2490    2294
146     7       2490    2294
162     27      2490    2294
142     17      2490    2294
150     16      2490    2294
151     17      2490    2294
146     9       2490    2294
155     4       3500    3144
111     13      3426    3056
16      63      2856    2866
-16     -78     2856    2802
141     -146    3500    3116
192     -104    3500    3218
250     96      3500    3334
283     -3      3500    3374
96      -24     3336    3026
91      -52     3306    3016
93      -57     3318    3020
225     -39     3500    3284
130     -71     3500    3094
54      -303    3084    2942
133     -23     3500    3100
-22     -109    2892    2790
31      -112    2946    2896
33      -63     2958    2900
20      -12     2880    2874
29      -64     2934    2892
26      -60     2916    2886
22      -26     2892    2878
4       47      2784    2842
38      -47     2988    2910
78      -22     3228    2990
-39     77      2994    2756
26      -104    2916    2886
27      -60     2922    2888
24      -44     2904    2882
13      -3      2838    2860
10      -12     2820    2854
