-40     8       2112    2294
-10     22      2112    2294
125     -12     2112    2294
255     30      2112    2294
345     -14     2112    2294
209     102     2112    2294
187     0       2112    2294
208     31      2112    2294
289     12      2112    2294
178     -86     2112    2294
180     -18     2112    2294
99      -89     2112    2294
218     -66     2112    2294
96      -116    2112    2294
168     -99     2112    2294
140     -130    2112    2294
78      -103    2112    2294
74      -117    2112    2294
153     -128    2112    2294
115     -186    2112    2294
100     -174    2112    2294
104     -160    2112    2294
88      -183    2112    2294
80      -187    2112    2294
86      -170    2112    2294
77      -196    2112    2294
86      -192    2112    2294
73      -187    2112    2294
79      -187    2112    2294
77      -190    2112    2294
82      -187    2112    2294
74      -174    2112    2294
91      -193    2112    2294
78      -183    2112    2294
97      -210    2112    2294
80      -187    2112    2294
79      -185    2112    2294
78      -190    2112    2294
79      -189    2112    2294
74      -192    2112    2294
83      -191    2112    2294
67      -181    2112    2294
73      -190    2112    2294
66      -178    2112    2294
89      -188    2094    2294
78      -193    2112    2294
83      -174    2112    2294
76      -202    2112    2294
76      -173    2112    2294
78      -189    2112    2294
81      -213    2112    2294
74      -186    2130    2294
