-16     98      2490    2294
13      149     2490    2294
28      123     2490    2294
55      143     2490    2294
159     165     2490    2294
216     168     2490    2294
198     132     2490    2294
299     164     2490    2294
255     215     2490    2294
222     68      2490    2294
196     101     2490    2294
123     40      2490    2294
161     58      2490    2294
145     31      2490    2294
150     54      2490    2294
193     35      2490    2294
145     24      2490    2294
167     32      2490    2294
164     31      2490    2294
163     12      2490    2294
166     4       2490    2294
155     1       2490    2294
79      -57     3471    3071
221     4       3500    3374
26      -30     2994    2912
21      -128    2949    2897
189     -127    3500    3374
25      -50     2985    2909
79      -267    3471    3071
13      -296    2877    2873
138     -159    3500    3248
70      11      3390    3044
-68     -202    3372    2630
19      -15     2931    2891
106     -161    3500    3152
95      -87     3500    3119
-43     -200    3147    2705
37      -115    3093    2945
33      43      3057    2933
-15     256     2895    2789
19      292     2931    2891
29      15      3021    2921
26      -40     2994    2912
8       41      2832    2858
2       39      2778    2840
