-10     52      2490    2294
79      126     2490    2294
41      94      2490    2294
25      127     2490    2294
3       165     2490    2294
204     131     2490    2294
141     140     2490    2294
104     116     2490    2294
252     129     2490    2294
94      141     2490    2294
169     105     2490    2294
207     83      2490    2294
186     70      2490    2294
192     53      2490    2294
184     60      2490    2294
216     78      2490    2294
146     45      2490    2294
158     41      2490    2294
169     18      2490    2294
174     28      2490    2294
172     34      2490    2294
160     20      2490    2294
164     20      2490    2294
170     14      2490    2294
163     6       2490    2294
167     27      2490    2294
161     14      2490    2294
153     -2      2490    2294
163     4       2490    2294
164     -2      2490    2294
162     10      2490    2294
166     21      2490    2294
155     2       3500    3374
122     -17     3500    3322
40      -52     3240    2994
-55     30      3420    2614
-12     -142    2904    2786
-77     -89     3500    2526
233     7       3500    3374
236     -75     3500    3374
-30     -112    3120    2714
-31     -68     3132    2710
115     -218    3500    3294
18      -188    2976    2906
195     -198    3500    3374
76      -75     3500    3138
118     -15     3500    3306
153     -17     3500    3374
12      -63     2904    2882
18      -145    2976    2906
0       -31     2760    2834
-64     -4      3500    2578
119     -188    3500    3310
95      140     3500    3214
-97     110     3500    2446
