2       112     2490    2294
21      144     2490    2294
61      155     2490    2294
89      192     2490    2294
137     157     2490    2294
142     143     2490    2294
167     235     2490    2294
194     182     2490    2294
241     183     2490    2294
149     59      2490    2294
150     96      2490    2294
145     116     2490    2294
98      86      2490    2294
218     66      2490    2294
174     84      2490    2294
150     63      2490    2294
150     5       2490    2294
162     41      2490    2294
142     23      2490    2294
166     45      2490    2294
144     17      2490    2294
159     26      2490    2294
157     16      2490    2294
161     23      2490    2294
157     12      2490    2294
147     4       2490    2294
152     17      2490    2294
151     14      2490    2294
146     6       2490    2294
23      154     2829    2926
209     134     3387    3374
160     118     3240    3374
158     -37     3234    3374
70      146     2970    3114
86      -196    3018    3178
77      -63     2991    3142
84      -124    3012    3170
88      -205    3024    3186
5       -79     2775    2854
29      -154    2847    2950
39      -20     2877    2990
114     -96     3102    3290
-2      -77     2766    2826
-68     -9      2964    2562
87      -88     3021    3182
6       -20     2778    2858
52      -70     2916    3042
51      -56     2913    3038
51      -44     2913    3038
27      -47     2841    2942
44      -28     2892    3010
53      -42     2919    3046
45      -44     2895    3014
27      -47     2841    2942
22      -42     2826    2922
27      -21     2841    2942
38      -22     2874    2986
43      -33     2889    3006
52      -47     2916    3042
20      -38     2820    2914
16      -26     2808    2898
28      -30     2844    2946
28      -28     2844    2946
31      -27     2853    2958
26      -29     2838    2938
30      -29     2850    2954
30      -27     2850    2954
56      -25     2928    3058
26      -32     2838    2938
25      -27     2835    2934
