Step;Loss
0;0.0976382
500;0.101001
1000;0.112774
1500;0.100774
2000;0.101108
2500;0.0995751
3000;0.103127
3500;0.110639
4000;0.112394
4500;0.0988941
5000;0.0986598
5500;0.0972773
6000;0.101053
6500;0.10267
7000;0.092301
7500;0.0925586
8000;0.0956859
8500;0.101468
9000;0.0941157
9500;0.101196
10000;0.0988226
10500;0.0866124
11000;0.0969137
11500;0.0964124
12000;0.0999507
12500;0.0982155
13000;0.101652
13500;0.108079
14000;0.0996691
14500;0.101008
15000;0.0977297
15500;0.100208
16000;0.0948918
16500;0.0895859
17000;0.101615
17500;0.094004
18000;0.106032
18500;0.103089
19000;0.0935912
19500;0.0986206
20000;0.0938914
20500;0.105443
21000;0.104663
21500;0.107535
22000;0.100063
22500;0.0949331
23000;0.100123
23500;0.0960195
24000;0.0894153
24500;0.0919181
25000;0.098523
25500;0.0980359
26000;0.0946487
26500;0.101552
27000;0.0964088
27500;0.0956373
28000;0.10413
28500;0.0937918
29000;0.0968275
29500;0.0947102
30000;0.0954879
30500;0.0962907
31000;0.102196
31500;0.0935523
32000;0.100728
32500;0.102057
33000;0.101793
33500;0.0921659
34000;0.0966654
34500;0.100219
35000;0.0949875
35500;0.102494
36000;0.102182
36500;0.0903665
37000;0.101271
37500;0.0964886
38000;0.0932213
38500;0.0977837
39000;0.0935039
39500;0.100049
40000;0.0898696
40500;0.0910422
41000;0.100315
41500;0.0946245
42000;0.0983072
42500;0.0934628
43000;0.096405
43500;0.0915436
44000;0.0891118
44500;0.0966256
45000;0.0998449
45500;0.0938367
46000;0.0913197
46500;0.0931419
47000;0.0979305
47500;0.0923205
48000;0.0980022
48500;0.102475
49000;0.0899465
49500;0.0945789
50000;0.101023
50500;0.0955236
51000;0.103741
51500;0.091624
52000;0.0957021
52500;0.10236
53000;0.0983417
53500;0.10709
54000;0.0949364
54500;0.0964607
55000;0.0924656
55500;0.0952582
56000;0.0960308
56500;0.0935948
57000;0.0886219
57500;0.103724
58000;0.0915679
58500;0.090269
59000;0.0944494
59500;0.0919834
60000;0.0891686
60500;0.0908187
61000;0.0912917
61500;0.0876176
62000;0.104899
62500;0.0984452
63000;0.0927676
63500;0.0794109
64000;0.0939225
64500;0.0965127
65000;0.0861592
65500;0.0998149
66000;0.0933839
66500;0.0896154
67000;0.0956228
67500;0.0905937
68000;0.101459
68500;0.0893482
69000;0.0860271
69500;0.0956058
70000;0.0964848
70500;0.0921061
71000;0.0968525
71500;0.0943913
72000;0.0856002
72500;0.0870975
73000;0.0953799
73500;0.0943288
74000;0.0942574
74500;0.096072
75000;0.0953644
75500;0.0975087
76000;0.0881878
76500;0.0991435
77000;0.0942922
77500;0.1017
78000;0.0948608
78500;0.0924328
79000;0.0912203
79500;0.0967063
80000;0.0906902
80500;0.0963099
81000;0.0896727
81500;0.0969433
82000;0.0901782
82500;0.0910499
83000;0.0960146
83500;0.0864402
84000;0.0891044
84500;0.096164
85000;0.100045
85500;0.0962711
86000;0.0898745
86500;0.0937554
87000;0.102732
87500;0.0871831
88000;0.102866
88500;0.0843869
89000;0.0961248
89500;0.0957924
90000;0.0930759
90500;0.0963881
91000;0.0884403
91500;0.0928604
92000;0.0944518
92500;0.0889266
93000;0.0873693
93500;0.0872209
94000;0.0991358
94500;0.0986739
95000;0.0900434
95500;0.0984491
96000;0.09597
96500;0.0829144
97000;0.0899547
97500;0.087433
98000;0.0848358
98500;0.0852223
99000;0.0883891
99500;0.0931061
100000;0.0926684
100500;0.087261
101000;0.092048
101500;0.0967889
102000;0.0885198
102500;0.0935005
103000;0.0891767
103500;0.0881093
104000;0.0971435
104500;0.0905404
105000;0.0937942
105500;0.0849479
106000;0.0962183
106500;0.0822218
107000;0.0938485
107500;0.0960713
108000;0.0899785
108500;0.097119
109000;0.0866113
109500;0.101649
110000;0.0980771
110500;0.0850862
111000;0.0945422
111500;0.0943901
112000;0.0956898
112500;0.0944076
113000;0.0892418
113500;0.0909318
114000;0.0995111
114500;0.0909468
115000;0.0924479
115500;0.0925737
116000;0.101481
116500;0.0846511
117000;0.0968139
117500;0.0894535
118000;0.0842976
118500;0.088306
119000;0.0868924
119500;0.0977614
120000;0.0939081
120500;0.0877219
121000;0.0906811
121500;0.0886901
122000;0.0913838
122500;0.0874595
123000;0.0818054
123500;0.0813857
124000;0.0867414
124500;0.0826669
125000;0.0845007
125500;0.0865083
126000;0.0967694
126500;0.0954467
127000;0.0935686
127500;0.0823959
128000;0.0925727
128500;0.0956337
129000;0.0902758
129500;0.0962027
130000;0.098532
130500;0.0909265
131000;0.0883948
131500;0.0973565
132000;0.0883067
132500;0.0916972
133000;0.0932252
133500;0.084856
134000;0.0955108
134500;0.0903358
135000;0.0952826
135500;0.0893534
136000;0.0876967
136500;0.0884765
137000;0.0832363
137500;0.0948078
138000;0.0808543
138500;0.0927446
139000;0.0906455
139500;0.0899125
140000;0.0903172
140500;0.0906467
141000;0.0811605
141500;0.0862731
142000;0.0943987
142500;0.0925699
143000;0.0888286
143500;0.0855653
144000;0.0935495
144500;0.0867549
145000;0.0891512
145500;0.0880312
146000;0.0869738
146500;0.0878104
147000;0.0893356
147500;0.0893986
148000;0.0893049
148500;0.0925847
149000;0.101459
149500;0.0901731
150000;0.091947
150500;0.0806815
151000;0.0884222
151500;0.0927446
152000;0.0922723
152500;0.0871837
153000;0.0946873
153500;0.0863472
154000;0.0873683
154500;0.0921031
155000;0.094079
155500;0.087178
156000;0.0957395
156500;0.0961729
157000;0.0884224
157500;0.0915943
158000;0.0880834
158500;0.0868326
159000;0.0947287
159500;0.0825407
160000;0.0965157
160500;0.0920368
161000;0.0902407
161500;0.0908023
162000;0.0973388
162500;0.0924024
163000;0.0865693
163500;0.0773749
164000;0.0932445
164500;0.085501
165000;0.0882178
165500;0.091371
166000;0.0880773
166500;0.0838781
167000;0.0837999
167500;0.0885278
168000;0.0950712
168500;0.0948945
169000;0.085401
169500;0.0930773
170000;0.0876466
170500;0.0871513
171000;0.0866754
171500;0.0886363
172000;0.0861538
172500;0.0877705
173000;0.0918525
173500;0.0885908
174000;0.0884499
174500;0.0898303
175000;0.0878288
175500;0.0837951
176000;0.0895493
176500;0.0831176
177000;0.0898461
177500;0.0821759
178000;0.0853466
178500;0.0868261
179000;0.0880253
179500;0.0859961
180000;0.0921267
180500;0.0904485
181000;0.0901359
181500;0.0819481
182000;0.0844051
182500;0.0893691
183000;0.0930434
183500;0.0852275
184000;0.0898688
184500;0.0861112
185000;0.0881473
185500;0.084915
186000;0.0923197
186500;0.0897958
187000;0.0898063
187500;0.0941544
188000;0.0857206
188500;0.0856787
189000;0.0885836
189500;0.0971119
190000;0.0940497
190500;0.095873
191000;0.0799536
191500;0.08879
192000;0.0920944
192500;0.0912224
193000;0.0936682
193500;0.0877976
194000;0.0890374
194500;0.0820561
195000;0.091481
195500;0.0868625
196000;0.0869838
196500;0.0891438
197000;0.094583
197500;0.085477
198000;0.0805396
198500;0.080918
199000;0.0955855
199500;0.0872792
200000;0.0951663