1350    1710    -360    2370    200
1350    1714    -364    2401    197
1350    1715    -365    2400    197
1350    1715    -365    2400    196
1350    1715    -365    2400    196
1350    1715    -365    2400    195
1350    1714    -364    2401    194
1350    1713    -363    2402    196
1350    1708    -358    2407    195
1350    1702    -352    2413    195
1350    1689    -339    2426    195
1350    1684    -334    2431    194
1350    1673    -323    2442    196
1350    1656    -306    2669    195
1350    1647    -297    2503    196
1350    1639    -289    2476    196
1350    1633    -283    2447    196
1350    1630    -280    2450    195
1350    1626    -276    2629    196
1350    1627    -277    2L1350  1627    -277    2593 196
2250    1626    624     3502    197
2250    1632    618     3313    12250   1639    611  3376     12250   1680    570     3335    197
2250    1748    502     3267    196
2250    1859    391     3156    197
2250    1982    268     3033    12250   2125    125  2890     197
2250    2260    -10     2028    201
2250    2377    -127    2638    192
2250    2486    -236    2529    196
2250    2579    -329    2436    196
2250    2662    -412    2353    200
2250    2728    -478    2287    195
2250    2795    -545    2028    192
1350    2972    -1622   2028    193
1350    2993    -1643   2028    194
1350    2991    -1641   2028    193
1350    2968    -1618   2028    191
1350    2931    -1581   2028    187
1350    2772    -1422   2028    183
1350    2726    -1376   2159    186
1350    2662    -1312   2573    190
1350    2571    -1221   3189    182
1350    2468    -1118   2028    195
1350    2362    -1012   3502    177
1350    2256    -906    3502    182
1350    2183    -833    2028    194
1350    2131    -781    2028    197
1350    2097    -747    2028    197
2250    2081    169     2934    197
2250    2073    177     2942    196
2250    2077    173     2938    194
2250    2089    161     2926    196
2250    2095    155     2920    196
2250    2113    137     2902    196
2250    2136    114     2879    194
2250    2172    78      2423    195
2250    2193    57      2612    196
2250    2212    38      2628    197
2250    2226    24      2684    197
2250    2239    11      2461    197
2250    2241    9       2634    197
2250    2236    14      2954    197
2250    2233    17      2957    197
1350    2231    -881    2059    196
1350    2236    -886    2028    197
1350    2236    -886    2028    197
1350    2234    -884    2028    196
1350    2237    -887    2028    194
1350    2235    -885    2028    195
1350    2231    -881    2028    195
1350    2220    -870    2028    194
1350    2200    -850    2028    192
1350    2169    -819    2028    194
1350    2117    -767    2028    196
1350    2060    -710    2055    186
1350    2006    -656    2109    197
1350    1966    -616    2149    197
1350    1937    -587    2178    197
2250    1921    329     3129    12250   1919    331  3201     12250   1932    318     2908    193
2250    1948    302     2787    194
2250    1991    259     2289    194
2250    2043    207     2028    195
2250    2102    148     2028    196
2250    2129    121     2886    200
2250    2216    34      2028    197
2250    2261    -11     2159    197
2250    2293    -43     2722    197
2250    2310    -60     2705    197
2250    2318    -68     2697    197
2250    2320    -70     2695    197
2250    2324    -74     2691    195
1350    2326    -976    2028    196
1350    2320    -970    2028    185
1350    2317    -967    2028    186
1350    2294    -944    2028    190
1350    2244    -894    2028    183
1350    2175    -825    2028    197
1350    2104    -754    2028    201
1350    2036    -686    2079    196
1350    1969    -619    2846    197
1350    1959    -609    2331    197
1350    1959    -609    2028    196
1350    1962    -612    2153    196
1350    1974    -624    2028    196
1350    1976    -626    2174    195
1350    1985    -635    2060    195
2250    1984    266     2926    197
2250    1984    266     3031    193
2250    1988    262     2782    200
2250    1995    255     3020    196
2250    2026    224     2989    197
2250    2067    183     2948    197
2250    2115    135     2900    196
2250    2166    84      2849    196
2250    2206    44      2809    196
2250    2241    9       2354    200
2250    2265    -15     2750    197
2250    2278    -28     2737    12250   2277    -27  2738     197
2250    2281    -31     2734    197
2250    2278    -28     2737    11350   2283    -933 3502     197
1350    2273    -923    2087    183
1350    2272    -922    2053    186
1350    2245    -895    2430    186
1350    2199    -849    2721    188
1350    2128    -778    3212    181
1350    2057    -707    3423    197
1350    1996    -646    3204    197
1350    1966    -616    2149    200
1350    1926    -576    2329    197
1350    1916    -566    2199    196
1350    1922    -572    2193    196
1350    1923    -573    2192    196
1350    1922    -572    2193    196
1350    1922    -572    2193    195
2250    1921    329     3502    12250   1921    329  3094     188
2250    1923    327     3092    196
2250    1929    321     3086    194
2250    1946    304     3069    196
2250    1983    267     3032    195
2250    2041    209     2974    196
2250    2102    148     2913    196
2250    2159    91      2856    197
2250    2245    5       2028    196
2250    2283    -33     2032    12250   2299    -49  2716     200
2250    2325    -75     2620    196
2250    2333    -83     2787    197
2250    2333    -83     2857    197
2250    2337    -87     2678    196
1350    2333    -983    2028    179
1350    2331    -981    2028    185
1350    2313    -963    2028    187
1350    2270    -920    2028    196
1350    2205    -855    2028    195
1350    2131    -781    3419    181
1350    2067    -717    2048    193
1350    2019    -669    2096    197
1350    1988    -638    2127    196
1350    1973    -623    2317    200
1350    1971    -621    2028    200
1350    1976    -626    2139    196
1350    1975    -625    2140    195
1350    1979    -629    2136    195
1350    1984    -634    2131    195
2250    1984    266     3031    197
2250    1988    262     2957    195
2250    1993    257     2987    195
2250    2019    231     2541    12250   2054    196  2156     196
2250    2095    155     2290    196
2250    2150    100     2028    196
2250    2198    52      2028    196
2250    2237    13      2028    197
2250    2263    -13     2192    197
2250    2275    -25     2740    12250   2274    -24  2881     201
2250    2276    -26     2739    197
2250    2273    -23     2742    12250   2277    -27  2738     197
1350    2278    -928    2028    199
