1350    2115    -765    2028    179
1350    2119    -769    2028    195
1350    2121    -771    2028    196
1350    2122    -772    2028    196
1350    2126    -776    2028    199
1350    2125    -775    2028    192
1350    2124    -774    2028    191
1350    2116    -766    2028    184
1350    2116    -766    2028    188
1350    2093    -743    2028    188
1350    2059    -709    2028    184
1350    2020    -670    2028    179
1350    1977    -627    2028    180
1350    1922    -572    2053    181
1350    1857    -507    2363    180
1350    1786    -436    2433    180
1350    1709    -359    2047    196
1350    1631    -281    2203    196
1350    1548    -198    2369    196
1350    1458    -108    2549    174
2250    1375    875     3502    179
2250    1286    964     3502    185
2250    1271    979     3502    181
2250    1346    904     3502    181
2250    1471    779     3502    12250   1606    644  3502     178
2250    1757    493     3502    178
2250    1966    284     3333    181
2250    2226    24      2813    196
2250    2590    -340    2028    196
2250    2789    -539    3502    196
2250    3072    -822    2028    200
2250    3376    -1126   3502    195
2250    3511    -1261   3502    195
2250    25      -1375   3502    194
1350    137     1213    3502    196
1350    192     1158    3502    180
1350    368     982     3502    180
1350    541     809     2709    180
1350    799     551     3502    196
1350    1409    -59     2647    11350   1725    -375 2028     178
1350    1911    -561    2028    186
1350    2120    -770    2028    196
1350    2402    -1052   2028    196
1350    2661    -1311   2028    196
1350    3066    -1716   3502    196
1350    3311    5561    3502    177
1350    3500    5750    3502    181
1350    95      1255    3502    182
2250    334     -1684   3502    181
2250    669     1581    3502    179
2250    1756    494     3502    178
2250    2019    231     2028    179
2250    2158    92      2139    195
2250    2132    118     3289    194
2250    2102    148     3151    193
