1350    1657    -307    2028    171
1350    1659    -309    2028    197
1350    1663    -313    2028    197
1350    1666    -316    2028    197
1350    1668    -318    2174    196
1350    1669    -319    2028    194
1350    1663    -313    2364    194
1350    1665    -315    2135    197
1350    1652    -302    2521    193
1350    1638    -288    2189    197
1350    1617    -267    2906    200
1350    1593    -243    2279    197
1350    1566    -216    2333    197
1350    1538    -188    2389    191
1350    1511    -161    2443    192
2250    1495    755     3502    197
2250    1498    752     3502    183
2250    1514    736     3502    185
2250    1579    671     3502    13
2250    1671    579     3502    181
2250    1794    456     3502    177
2250    1965    285     3335    190
2250    2172    78      2921    200
2250    2528    -278    3502    197
2250    2759    -509    3502    197
2250    3203    -953    3502    197
2250    3431    -1181   3502    197
2250    16      -1366   3502    196
2250    144     -1494   3502    183
2250    125     -1475   3502    187
1350    56      1294    3502    183
1350    36      1314    3502    185
1350    50      1300    3502    190
1350    100     1250    3502    186
1350    202     1148    3502    197
1350    367     983     3502    197
1350    596     754     3502    185
1350    817     533     3502    185
1350    1495    -145    2475    183
1350    1765    -415    2028    180
1350    2000    -650    2028    178
1350    2312    -962    2028    197
1350    2646    -1296   2028    197
1350    3147    -1797   3502    184
1350    3456    5706    3502    186
1350    272     1078    3502    185
2250    548     1702    3502    186
2250    645     1605    3502    184
2250    775     1475    3502    183
2250    1112    1138    3502    186
2250    1421    829     3502    186
2250    1634    616     3502    186
2250    1730    520     2028    184
2250    1740    510     3502    183
2250    1716    534     3502    186
2250    1722    528     3502    183
2250    1764    486     3502    196
2250    1860    390     3502    196
2250    1973    277     3319    196
2250    2051    199     3163    12250   2087    163  3091     196
1350    2104    -754    2028    197
1350    2122    -772    2028    196
1350    2133    -783    2028    196
1350    2142    -792    2028    196
1350    2145    -795    2028    195
1350    2152    -802    2028    192
1350    2153    -803    2028    192
1350    2150    -800    2028    192
1350    2142    -7922028        189
1350    2127    -777    2028    191
1350    2114    -764    2028    191
1350    2066    -716    2053    185
1350    2012    -662    2521    186
1350    1951    -601    2778    184
1350    1893    -543    2759    183
2250    1836    414     3502    187
2250    1789    461     3502    184
2250    1772    478     3502    186
2250    1805    445     3502    196
2250    1892    358     3481    196
2250    2018    232     3229    12250   2155    95   3502     187
2250    2316    -66     2633    180
2250    2484    -234    2297    182
2250    2669    -419    2028    180
2250    3013    -763    2028    177
2250    3249    -999    2028    197
2250    3424    -1174   2028    196
2250    3581    -1331   2028    196
2250    143     -1493   3̓1350   437     913     3502 185
1350    735     615     3502    186
1350    1449    -99     3502    186
1350    1769    -419    3502    197
1350    1835    -485    2028    200
1350    1830    -480    2705    196
