1350    1629    -279    21350   1629    -279    2540 200
1350    1631    -281    2448    199
1350    1631    -281    2556    198
1350    1633    -283    2554    197
1350    1632    -282    2591    191
1350    1631    -281    2574    196
1350    1630    -280    2485    197
1350    1630    -280    2485    195
1350    1624    -274    2455    195
1350    1617    -267    2498    196
1350    1609    -259    2506    198
1350    1606    -256    2599    198
1350    1610    -260    2505    192
1350    1609    -259    2506    191
1350    1610    -260    2451    193
1350    1610    -260    2505    196
1350    1611    -261    2▒1350  1607    -257    2508 195
1350    1607    -257    2508    195
1350    1610    -260    2451    190
1350    1609    -259    2470    191
1350    1607    -257    2472    196
1350    1601    -251    2604    196
1350    1604    -254    2457    194
1350    1604    -254    2457    194
1350    1602    -252    2513    196
1350    1605    -255    2456    192
1350    1605    -255    2438    193
1350    1605    -255    2510    189
1350    1601    -251    2514    194
1350    1601    -251    2514    196
1350    1601    -251    2514    195
1350    1601    -251    2568    194
2250    1602    648     3413    198
2250    1604    646     3411    178
2250    1609    641     3406    180
2250    1639    611     3376    12250   1697    553  3318     199
2250    1797    453     3218    190
2250    1936    314     3079    190
2250    2098    152     2917    197
2250    2254    -4      2761    200
2250    2468    -218    2028    200
2250    2528    -278    2487    200
2250    2643    -393    2372    198
2250    2781    -531    2028    198
2250    3035    -785    2028    197
2250    3118    -868    2028    195
2250    3157    -907    2028    191
2250    3163    -913    2028    184
2250    3147    -897    2084    188
2250    3115    -865    2028    190
2250    3054    -804    2028    197
2250    2958    -708    2057    199
2250    2750    -500    2265    198
2250    2678    -428    2337    197
2250    2599    -349    2416    190
2250    2520    -270    2495    183
1350    2457    -1107   2028    200
1350    2412    -1062   2028    199
1350    2380    -1030   2028    199
1350    2367    -1017   2028    195
1350    2359    -1009   2028    194
1350    2358    -1008   2028    194
1350    2357    -1007   2028    193
1350    2351    -1001   2028    187
1350    2341    -991    2028    185
1350    2330    -980    2028    184
1350    2316    -966    2028    184
1350    2290    -940    2028    179
1350    2252    -902    2151    181
1350    2201    -851    2400    180
1350    2139    -789    2624    182
1350    2111    -761    2028    180
1350    2008    -658    2107    198
1350    1951    -601    2758    199
1350    1907    -557    2208    196
1350    1859    -509    2256    197
1350    1826    -476    2289    196
1350    1799    -449    2316    192
1350    1771    -421    23c1350 1752    -402    2363 194
1350    1738    -388    2377    193
2250    1729    521     3358    197
2250    1725    525     3290    187
2250    1730    520     3285    190
2250    1749    501     3266    187
2250    1790    460     3225    184
2250    1908    342     2261    192
2250    2014    236     2047    195
2250    2136    114     2028    198
2250    2258    -8      2028    199
2250    2369    -119    2028    200
2250    2473    -223    2028    199
2250    2555    -305    2028    198
2250    2620    -370    2028    194
2250    2673    -423    2028    196
2250    2713    -463    23▒2250 2735    -485    2280 193
2250    2742    -492    2273    191
2250    2739    -489    2276    192
2250    2732    -482    2283    193
2250    2721    -471    2294    196
2250    2705    -455    2310    195
2250    2682    -432    2567    198
2250    2650    -400    2365    198
2250    2609    -359    2406    193
2250    2560    -310    2455    190
1350    2510    -1160   2028    171
1350    2463    -1113   2028    175
1350    2399    -1049   2040    189
1350    2367    -1017   2072    186
1350    2346    -996    2028    181
1350    2263    -913    2446    182
1350    2203    -853    2506    180
1350    2132    -782    2703    181
1350    2063    -713    2628    182
1350    2022    -672    2093    183
1350    1923    -573    2840    183
1350    1871    -521    2748    189
1350    1820    -470    2763    198
1350    1780    -430    2335    197
1350    1738    -388    2377    199
1350    1700    -350    2415    199
1350    1675    -325    2440    198
1350    1647    -297    2468    199
1350    1627    -277    2488    198
1350    1617    -267    2498    197
1350    1611    -261    2▒1350  1608    -258    2507 195
1350    1607    -257    2508    192
1350    1608    -258    2507    197
1350    1606    -256    2509    197
2250    1610    640     3405    199
2250    1618    632     3235    178
2250    1626    624     3155    183
2250    1661    589     2976    183
2250    1733    517     2634    181
2250    1851    399     2028    182
2250    1987    263     2028    192
2250    2138    112     2028    193
2250    2288    -38     2028    197
2250    2425    -175    2028    198
2250    2546    -296    2469    196
2250    2659    -409    2356    195
2250    2757    -507    2258    195
2250    3011    -761    2028    193
2250    3112    -862    2028    194
2250    3168    -918    2028    193
2250    3187    -937    2028    192
2250    3181    -931    2028    187
2250    3156    -906    2028    184
2250    3111    -861    2028    181
2250    3036    -786    2028    180
2250    2925    -675    2090    180
2250    2727    -477    2288    186
2250    2609    -359    3162    199
2250    2569    -319    2446    199
1350    2455    -1105   3502    200
1350    2400    -1050   2147    199
1350    2369    -1019   2034    199
1350    2349    -999    2028    198
1350    2336    -986    2028    196
1350    2339    -989    2028    196
1350    2331    -981    2028    194
1350    2328    -978    2028    192
1350    2331    -981    2028    191
1350    2326    -976    2028    186
1350    2316    -966    2028    184
1350    2296    -946    2028    182
1350    2269    -919    2028    182
1350    2230    -880    2245    191
1350    2185    -835    2028    186
1350    2123    -773    2028    194
1350    2060    -710    2055    198
1350    1997    -647    2118    182
1350    1940    -590    2175    185
1350    1894    -544    2221    186
1350    1843    -493    2272    188
1350    1808    -458    2307    188
1350    1749    -399    2744    192
1350    1720    -370    2647    187
1350    1703    -353    2412    195
2250    1674    576     3502    194
2250    1658    592     3429    190
2250    1653    597     3470    184
2250    1655    595     3450    185
