1350    1677    -327    2438    174
1350    1684    -334    2359    200
1350    1683    -333    2450    201
1350    1684    -334    2377    200
1350    1680    -330    2435    199
1350    1684    -334    2431    195
1350    1682    -332    2433    195
1350    1679    -329    2436    195
1350    1676    -326    2439    196
1350    1672    -322    2443    192
1350    1667    -317    2448    191
1350    1661    -311    2454    194
1350    1651    -301    2464    196
1350    1647    -297    2468    197
1350    1645    -295    2470    194
1350    1641    -291    2474    193
1350    1639    -289    2476    189
1350    1638    -288    2477    190
1350    1634    -284    2535    195
2250    1635    615     3416    198
2250    1643    607     3192    182
2250    1651    599     3148    182
2250    1688    562     2823    184
2250    1761    489     2516    187
2250    1882    368     2028    192
2250    2022    228     2028    195
2250    2171    79      2028    195
2250    2318    -68     2697    201
2250    2453    -203    2562    200
2250    2568    -318    2447    200
2250    2671    -421    23c2250 2756    -506    2259 196
2250    2972    -722    2043    198
2250    3053    -803    2028    186
1350    3093    -1743   2028    192
1350    3095    -1745   2028    191
1350    3077    -1727   2028    186
1350    3039    -1689   2028    183
1350    2969    -1619   2028    184
1350    2773    -1423   2028    182
1350    2705    -1355   2028    184
1350    2577    -1227   2384    184
1350    2468    -1118   2655    183
1350    2344    -994    2833    182
1350    2216    -866    2943    182
1350    2100    -750    2987    199
1350    1998    -648    2909    199
1350    1921    -571    2734    199
1350    1868    -518    2679    198
2250    1826    424     3502    199
2250    1808    442     3207    175
2250    1806    444     3209    194
2250    1819    431     3196    196
2250    1868    382     3147    200
2250    1940    310     3075    200
2250    2031    219     2984    200
2250    2131    119     2884    197
2250    2231    19      2784    197
2250    2323    -73     2692    199
2250    2411    -161    2604    198
2250    2482    -232    2533    197
2250    2545    -295    2470    196
2250    2588    -338    2427    194
2250    2623    -373    21350   2649    -1299   2028 188
1350    2650    -1300   2028    190
1350    2643    -1293   2028    185
1350    2625    -1275   2028    185
1350    2595    -1245   2028    184
1350    2547    -1197   2036    181
1350    2479    -1129   2302    183
1350    2385    -1035   2576    182
1350    2267    -917    2982    182
1350    2151    -801    2028    200
1350    2033    -683    2082    197
1350    1928    -578    2187    195
1350    1838    -488    2277    199
1350    1774    -424    2341    199
1350    1720    -370    2395    199
2250    1682    568     3333    176
2250    1660    590     3355    181
2250    1658    592     3357    190
2250    1702    548     3313    189
2250    1787    463     3228    187
2250    1901    349     3114    195
2250    2044    206     2971    197
2250    2256    -6      2028    199
2250    2392    -142    2028    200
2250    2515    -265    2028    200
2250    2625    -375    2028    199
2250    2722    -472    2028    195
2250    2943    -693    3502    197
2250    3067    -817    2028    197
2250    3145    -895    2028    195
1350    3184    5434    3502    200
1350    3196    5446    3502    172
1350    3188    5438    3502    182
1350    3210    5460    3502    183
1350    3262    5512    3502    183
1350    3338    5588    3502    184
1350    3434    5684    3502    183
1350    3554    5804    3502    184
1350    112     1238    3502    201
1350    322     1028    3502    200
1350    605     745     3502    200
1350    1076    274     3039    194
1350    1667    -317    2448    200
1350    1892    -542    2223    199
1350    2119    -769    2028    199
2250    2593    -343    3502    199
2250    3014    -764    3502    200
2250    3188    -938    2028    197
2250    3245    -995    2028    197
2250    3285    -1035   2028    190
2250    3308    -1058   2028    195
2250    3312    -1062   2028    187
2250    3300    -1050   2028    192
2250    3271    -1021   2032    191
2250    3222    -972    2279    182
2250    3146    -896    2028    199
2250    3028    -778    2028    200
2250    2771    -521    2244    200
2250    2686    -436    2329    195
2250    2599    -349    2416    190
1350    2513    -263    2502    188
1350    2448    -1098   2028    200
1350    2403    -1053   2028    200
1350    2371    -1021   2028    200
1350    2354    -1004   2028    199
1350    2338    -988    2028    198
1350    2334    -984    2028    195
1350    2333    -983    2028    190
1350    2336    -986    2028    189
1350    2330    -980    2028    188
1350    2325    -975    2028    186
1350    2313    -963    2928    185
1350    2293    -943    2056    184
1350    2257    -907    2146    185
1350    2211    -861    2228    184
1350    2150    -800    2433    184
2250    2079    171     3502    200
2250    2019    231     3502    12250   1990    260  3025     194
2250    1987    263     3028    198
2250    2021    229     2994    200
2250    2070    180     2945    200
2250    2131    119     2884    200
2250    2187    63      2250    2243    7       2772 200
2250    2287    -37     2728    201
2250    2328    -78     2687    200
2250    2364    -114    2651    200
2250    2384    -134    2631    200
2250    2388    -138    2627    200
2250    2390    -140    2625    199
1350    2386    -1036   2028    180
1350    2384    -1034   2028    184
1350    2363    -1013   2028    185
1350    2322    -972    2261    185
1350    2256    -906    2453    183
1350    2174    -824    2589    185
1350    2080    -730    2791    184
1350    1989    -639    2828    186
1350    1909    -559    2836    200
1350    1837    -487    2926    200
1350    1789    -439    2326    199
1350    1752    -402    2363    200
1350    1729    -379    2386    200
1350    1719    -369    2396    200
1350    1718    -368    2397    198
2250    1718    532     3297    201
2250    1721    529     3294    185
2250    1727    523     3288    197
2250    1752    498     3263    12250   1808    442  3207     192
2250    1890    360     3125    192
2250    2004    246     3011    199
2250    2127    123     2888    199
2250    2303    -53     2028    200
2250    2410    -160    2028    200
2250    2504    -254    2028    200
2250    2578    -328    2028    200
2250    2639    -389    2028    199
2250    2685    -435    2028    198
2250    2715    -465    2028    197
1350    2728    -1378   2028    195
1350    2727    -1377   2028    190
1350    2722    -1372   2028    188
1350    2707    -1357   2028    188
1350    2682    -1332   2028    184
1350    2635    -1285   2028    184
1350    2568    -1218   2028    190
1350    2474    -1124   2028    199
1350    2365    -1015   2028    200
1350    2241    -891    2028    200
1350    2122    -772    2028    196
1350    2005    -655    2110    196
1350    1900    -550    2215    199
1350    1829    -479    2286    199
1350    1779    -429    2336    199
2250    1740    510     3275    199
2250    1711    539     3412    182
2250    1705    545     3364    191
2250    1734    516     2975    191
2250    1794    456     2609    192
2250    1887    363     2228    191
2250    2000    250     2028    191
2250    2123    127     2028    196
2250    2245    5       2028    199
2250    2356    -106    2028    200
2250    2461    -211    2554    199
2250    2547    -297    2468    199
2250    2627    -377    2388    199
2250    2697    -447    2318    198
2250    2758    -508    2257    197
1350    2943    -1593   2028    200
1350    3007    -1657   2028    189
1350    3053    -1703   2028    185
1350    3062    -1712   2028    186
1350    3037    -1687   2028    185
1350    2990    -1640   2028    182
1350    2919    -1569   2028    185
1350    2747    -1397   2028    185
1350    2676    -1326   2028    192
1350    2528    -1178   2649    180
1350    2407    -1057   2860    183
1350    2262    -912    3203    182
1350    2126    -776    3249    200
1350    1995    -645    3362    200
1350    1892    -542    3123    200
2250    1814    436     3502    179
2250    1769    481     3502    189
2250    1764    486     3215    185
2250    1802    448     3213    200
2250    1870    380     3145    199
2250    1952    298     3063    21
2250    2064    186     2951    200
2250    2176    74      2839    200
2250    2277    -27     2738    200
2250    2374    -124    2641    200
2250    2460    -210    2555    200
2250    2533    -283    2482    199
2250    2593    -343    2422    198
2250    2643    -393    2372    194
2250    2682    -432    2333    189
1350    2709    -1359   2028    200
1350    2721    -1371   2028    192
1350    2718    -1368   2028    192
1350    2704    -1354   2028    189
1350    2681    -1331   2028    184
1350    2644    -1294   2028    184
1350    2587    -1237   2086    192
1350    2509    -1159   2362    185
1350    2401    -1051   2776    183
1350    2276    -926    3063    183
1350    2157    -807    3038    183
1350    2034    -684    2081    186
1350    1931    -581    2184    191
1350    1847    -497    2268    198
1350    1785    -435    2330    200
2250    1734    516     3502    200
2250    1703    547     3312    182
2250    1691    559     3324    189
2250    1717    533     3298    198
2250    1776    474     3239    200
2250    1876    374     3139    192
2250    1993    257     3022    196
2250    2119    131     2896    199
2250    2239    11      2776    200
2250    2411    -161    2028    200
2250    2510    -260    2028    199
2250    2594    -344    2028    198
2250    2672    -422    2028    193
2250    2736    -486    2028    195
2250    2784    -534    2028    193
1350    2974    -1624   3502    187
1350    3028    -1678   2028    193
1350    3059    -1709   2028    189
1350    3059    -1709   2028    189
1350    3030    -1680   2028    184
1350    2976    -1626   2028    189
1350    2787    -1437   2028    200
1350    2733    -1383   2028    189
1350    2669    -1319   2028    189
1350    2577    -1227   2028    197
1350    2466    -1116   2028    200
1350    2339    -989    2028    200
1350    2204    -854    2028    190
1350    2071    -721    2044    200
1350    1951    -601    2164    200
