Metabolic Control Analysis Result:

A steady state was found. All coefficients are shown.

Unscaled elasticities
Unscaled elasticity matrix
Rows:    Reactions (reduced system)
Columns: Species (reduced system)
	adp	GAP	P	G6P	DHAP	P2G	LAC	F6P	P3G	PYR	G1P	PCr	NADH	DPG	amp	PEP	atp	Cr	FDP	NAD
(vgp)	0	0	0.345756	0	0	0	0	0	0	0	-1.14305	0	0	0	3.73579	0	0	0	0	0
(vpglm)	0	0	0	-79.8719	0	0	0	0	0	0	1307.4	0	0	0	0	0	0	0	0	0
(vpgi)	0	0	0	1823.72	0	0	0	-4054.17	0	0	0	0	0	0	0	0	0	0	0	0
(vpfk)	-0.00911818	0	0	0	0	0	0	3.67337	0	0	0	0	0	0	2.403	0	-0.0129801	0	-0.00200364	0
(vald)	0	-802.184	0	0	-41.7768	0	0	0	0	0	0	0	0	0	0	0	0	0	38.1339	0
(vtpi)	0	7714.77	0	0	-401.73	0	0	0	0	0	0	0	0	0	0	0	0	0	0	0
(vgapdh)	0	10031.6	1690.14	0	0	0	0	0	0	0	0	0	-1.08575e+06	-351325	0	0	0	0	0	2085.48
(vpgk)	15283.5	0	0	0	0	0	0	0	-740.842	0	0	0	0	40578.2	0	0	-14.6623	0	0	0
(vpgm)	0	0	0	0	0	-8008.57	0	0	1439.66	0	0	0	0	0	0	0	0	0	0	0
(ven)	0	0	0	0	0	1246.74	0	0	0	0	0	0	0	0	0	-2550.67	0	0	0	0
(vpk)	99.218	0	0	0	0	0	0	0	0	-5.64466	0	0	0	0	0	54.9013	-0.0882742	0	0	0
(vldh)	0	0	0	0	0	0	-32.3273	0	0	1004.55	0	0	69415.4	0	0	0	0	0	0	-132.896
(vck)	-17855.2	0	0	0	0	0	0	0	0	0	0	-4.30075	0	0	0	0	17.1348	19.2342	0	0
(vadk)	-2.30882	0	0	0	0	0	0	0	0	0	0	0	0	0	2658.51	0	0.00110783	0	0	0
(vatpase)	0	0	0	0	0	0	0	0	0	0	0	0	0	0	0	0	0.075	0	0	0
(vfout)	0	0	0	0	0	0	0.2	0	0	0	0	0	0	0	0	0	0	0	0	0

Scaled elasticities
Scaled elasticity matrix
Rows:    Reactions (reduced system)
Columns: Species (reduced system)
	adp	GAP	P	G6P	DHAP	P2G	LAC	F6P	P3G	PYR	G1P	PCr	NADH	DPG	amp	PEP	atp	Cr	FDP	NAD
(vgp)	0	0	1.03908	0	0	0	0	0	0	0	-0.0480311	0	0	0	6.22699e-05	0	0	0	0	0
(vpglm)	0	0	0	-54.7653	0	0	0	0	0	0	54.937	0	0	0	0	0	0	0	0	0
(vpgi)	0	0	0	1250.46	0	0	0	-1249.91	0	0	0	0	0	0	0	0	0	0	0	0
(vpfk)	-0.000350011	0	0	0	0	0	0	1.13251	0	0	0	0	0	0	4.00544e-05	0	-0.519204	0	-0.0213478	0
(vald)	0	-406.115	0	0	-406.184	0	0	0	0	0	0	0	0	0	0	0	0	0	406.297	0
(vtpi)	0	-3905.69	0	0	3905.91	0	0	0	0	0	0	0	0	0	0	0	0	0	0	0
(vgapdh)	0	2539.3	2539.65	0	0	0	0	0	0	0	0	0	-2539.28	-2539.29	0	0	0	0	0	2539.34
(vpgk)	293.338	0	0	0	0	0	0	0	-292.458	0	0	0	0	293.288	0	0	-293.247	0	0	0
(vpgm)	0	0	0	0	0	-568.068	0	0	568.325	0	0	0	0	0	0	0	0	0	0	0
(ven)	0	0	0	0	0	88.4342	0	0	0	0	0	0	0	0	0	-87.6533	0	0	0	0
(vpk)	1.9043	0	0	0	0	0	0	0	0	-0.912767	0	0	0	0	0	1.88667	-1.76548	0	0	0
(vldh)	0	0	0	0	0	0	-161.636	0	0	162.441	0	0	162.344	0	0	0	0	0	0	-161.818
(vck)	-inf	0	0	0	0	0	0	0	0	0	0	-inf	0	0	0	0	-inf	-inf	0	0
(vadk)	inf	0	0	0	0	0	0	0	0	0	0	0	0	0	inf	0	inf	0	0	0
(vatpase)	0	0	0	0	0	0	0	0	0	0	0	0	0	0	0	0	1	0	0	0
(vfout)	0	0	0	0	0	0	1	0	0	0	0	0	0	0	0	0	0	0	0	0

Unscaled concentration control coefficients
Unscaled concentration control coefficients
Rows:    Species (reduced system)
Columns: Reactions (reduced system)
	(vgp)	(vpglm)	(vpgi)	(vpfk)	(vald)	(vtpi)	(vgapdh)	(vpgk)	(vpgm)	(ven)	(vpk)	(vldh)	(vck)	(vadk)	(vatpase)	(vfout)
adp	0.0108132	9.28128e-06	2.82732e-07	0.000250602	-1.18235e-05	1.79135e-06	-2.34561e-06	-2.05044e-05	-1.59215e-05	-0.000108475	-0.00518049	-3.65808e-05	9.58954e-06	-1.47979e-05	0.0038315	-0.0059128
GAP	0.107607	0.000100128	8.72082e-06	0.0117774	0.000415312	-6.28714e-05	-1.73351e-05	-0.000151207	-0.000114876	-0.00078072	-0.0372436	-0.000270265	-0.000335966	-0.000167538	0.0148514	-0.0436846
P	-2.89203	-0.0025284	-0.000110679	-0.122125	-1.13048e-06	-1.33335e-07	2.21884e-08	1.97351e-07	1.7937e-07	1.24206e-06	5.97457e-05	3.46897e-07	-4.28268e-06	0.00420318	1.00552	5.60712e-05
G6P	0.00528689	4.93408e-06	-0.000547891	-0.604577	-1.03872e-05	6.5514e-08	-8.40374e-07	-7.32941e-06	-5.56188e-06	-3.77947e-05	-0.00180286	-1.31017e-05	-1.732e-05	0.000547392	0.202605	-0.00211772
DHAP	2.06646	0.00192283	0.000167473	0.226171	0.00797559	0.00128186	-0.0003329	-0.00290375	-0.00220605	-0.0149928	-0.71522	-0.00519012	-0.00645183	-0.00321735	0.286034	-0.838912
P2G	-0.0157823	-1.35464e-05	-4.1266e-07	-0.000365765	1.7257e-05	-2.61455e-06	3.42353e-06	3.19848e-05	8.22977e-05	-0.000197418	-0.00744544	5.21908e-05	-1.39964e-05	2.23765e-05	0.00473875	0.00843593
LAC	-0.00270564	-2.32234e-06	-7.07444e-08	-6.2705e-05	2.95845e-06	-4.48225e-07	5.86913e-07	5.13054e-06	3.98384e-06	2.71423e-05	0.00129625	9.15316e-06	-2.39947e-06	9.77404e-05	3.33237	-4.99852
F6P	0.00237831	2.21959e-06	1.97753e-07	-0.271961	-4.67263e-06	2.94817e-08	-3.78046e-07	-3.29717e-06	-2.50204e-06	-1.70021e-05	-0.000811024	-5.89388e-06	-7.79112e-06	0.000246235	0.091057	-0.000952665
P3G	-0.0877947	-7.53568e-05	-2.29557e-06	-0.0020347	9.59979e-05	-1.45443e-05	1.90446e-05	0.000177927	-0.000236801	-0.0010982	-0.0414175	0.000290329	-7.78597e-05	0.00012449	0.0268238	0.0469278
PYR	0.115304	9.89687e-05	3.01485e-06	0.00267224	-0.000126077	1.91016e-05	-2.50119e-05	-0.000208861	0.000110997	0.000965286	0.0505755	-0.000395779	0.000102256	-0.000163379	-0.0306775	-0.0639723
G1P	0.00032278	-0.000764574	-3.34718e-05	-0.0369349	-6.34349e-07	3.9681e-09	-5.12952e-08	-4.47376e-07	-3.39482e-07	-2.30688e-06	-0.000110041	-7.99712e-07	-1.0583e-06	3.34488e-05	0.0126324	-0.000129263
PCr	-8.21149	-0.00704817	-0.000214706	-0.190306	0.00897874	-0.00136034	0.00178125	0.0155709	0.0120908	0.0823755	3.93404	0.0277794	0.0352077	0.0115113	-2.90962	4.49016
NADH	-0.00166671	-1.43059e-06	-4.35795e-08	-3.86271e-05	1.82244e-06	-2.76113e-07	3.61546e-07	3.01918e-06	-1.60138e-06	-1.39299e-05	-0.000729906	-8.65759e-06	-1.4781e-06	2.40556e-06	0.00200164	-0.00139938
DPG	-0.00567953	-4.87491e-06	-1.48502e-07	-0.000131627	6.2102e-06	-9.40888e-07	1.23201e-06	-1.36651e-05	1.67922e-06	2.08459e-05	0.00119691	1.90918e-05	-5.03682e-06	7.98811e-06	-0.000938347	0.00308593
amp	9.39537e-06	8.06433e-09	2.45661e-10	2.17744e-07	-1.02732e-08	1.55647e-09	-2.03806e-09	-1.78158e-08	-1.38339e-08	-9.42519e-08	-4.50123e-06	-3.17844e-08	8.33217e-09	-0.000376164	3.32912e-06	-5.13752e-06
PEP	-0.00771398	-6.62114e-06	-2.01697e-07	-0.000178776	8.43475e-06	-1.27792e-06	1.67333e-06	1.56334e-05	4.02257e-05	0.000295556	-0.00363934	2.55094e-05	-6.84105e-06	1.09297e-05	0.00205494	0.00412326
atp	-0.0108226	-9.28934e-06	-2.82978e-07	-0.00025082	1.18338e-05	-1.7929e-06	2.34765e-06	2.05222e-05	1.59354e-05	0.000108569	0.00518499	3.66126e-05	-9.59787e-06	0.000390962	-0.00383483	0.00591794
Cr	8.21149	0.00704817	0.000214706	0.190306	-0.00897874	0.00136034	-0.00178125	-0.0155709	-0.0120908	-0.0823755	-3.93404	-0.0277794	-0.0352077	-0.0115113	2.90962	-4.49016
FDP	4.52747	0.0042128	0.000366923	0.495525	-0.00874939	8.17503e-05	-0.000729361	-0.00636192	-0.00483331	-0.0328482	-1.567	-0.0113712	-0.0141355	-0.00704878	0.634512	-1.838
NAD	0.00166671	1.43059e-06	4.35795e-08	3.86271e-05	-1.82244e-06	2.76113e-07	-3.61546e-07	-3.01918e-06	1.60138e-06	1.39299e-05	0.000729906	8.65759e-06	1.4781e-06	-2.40556e-06	-0.00200164	0.00139938

Scaled concentration control coefficients
Scaled concentration control coefficients
Rows:    Species (reduced system)
Columns: Reactions (reduced system)
	(vgp)	(vpglm)	(vpgi)	(vpfk)	(vald)	(vtpi)	(vgapdh)	(vpgk)	(vpgm)	(ven)	(vpk)	(vldh)	(vck)	(vadk)	(vatpase)	(vfout)	'Summation Error'
adp	0.281695	0.000241787	7.36548e-06	0.00652846	-0.000308016	-4.66665e-05	-0.000122211	-0.00106832	-0.000829546	-0.00565178	-0.269915	-0.00190594	-9.53904e-17	-3.24087e-21	0.299444	-0.30807	7.20761e-16
GAP	0.212551	0.000197778	1.72259e-05	0.0232634	0.000820351	0.000124188	-6.84827e-05	-0.000597347	-0.00045382	-0.00308425	-0.147132	-0.00106769	2.53397e-16	-2.78212e-21	0.0880064	-0.172577	2.08933e-15
P	-0.962326	-0.000841331	-3.68287e-05	-0.0406374	-3.76171e-07	4.43674e-08	1.47664e-08	1.31338e-07	1.19371e-07	8.26596e-07	3.9761e-05	2.30861e-07	5.44148e-19	1.1758e-20	1.00376	3.73156e-05	1.21785e-17
G6P	0.0077106	7.19605e-06	-0.000799065	-0.881739	-1.51491e-05	-9.55481e-08	-2.45127e-06	-2.1379e-05	-1.62233e-05	-0.000110242	-0.00525871	-3.82162e-05	9.64532e-18	6.71156e-21	0.88646	-0.00617713	7.04488e-17
DHAP	0.212539	0.000197767	1.7225e-05	0.0232621	0.000820305	-0.000131842	-6.84788e-05	-0.000597313	-0.000453794	-0.00308408	-0.147124	-0.00106763	2.53382e-16	-2.78194e-21	0.0882574	-0.172568	1.3059e-15
P2G	-0.111249	-9.54882e-05	-2.90882e-06	-0.00257826	0.000121643	1.84298e-05	4.82645e-05	0.000450918	0.00116022	-0.00278318	-0.104965	0.00073578	3.76722e-17	1.32603e-21	0.10021	0.118929	1.51697e-15
LAC	-0.000270564	-2.32234e-07	-7.07444e-09	-6.2705e-06	2.95845e-07	4.48225e-08	1.17383e-07	1.02611e-06	7.96768e-07	5.42846e-06	0.000259249	1.83063e-06	9.16212e-20	8.21696e-23	0.999712	-0.999704	1.11054e-16
F6P	0.0077142	7.19939e-06	6.41427e-07	-0.882126	-1.5156e-05	-9.56259e-08	-2.45244e-06	-2.13892e-05	-1.62311e-05	-0.000110295	-0.00526123	-3.82344e-05	9.64948e-18	6.71444e-21	0.886049	-0.00618007	1.46836e-16
P3G	-0.111199	-9.54454e-05	-2.90752e-06	-0.0025771	0.000121589	1.84216e-05	4.82429e-05	0.000450716	-0.000599854	-0.00278191	-0.104917	0.00073545	3.76553e-17	1.32558e-21	0.101923	0.118876	3.50226e-16
PYR	0.356526	0.000306017	9.32208e-06	0.00826272	-0.000389839	-5.90632e-05	-0.000154676	-0.00129162	0.000686418	0.00596944	0.312765	-0.00244754	-1.2073e-16	-4.24699e-21	-0.28457	-0.395612	7.01585e-16
G1P	0.00768158	-0.0181955	-0.000796568	-0.878984	-1.50964e-05	-9.44336e-08	-2.44147e-06	-2.12935e-05	-1.61581e-05	-0.000109799	-0.00523756	-3.80634e-05	9.61685e-18	6.69209e-21	0.901887	-0.00615244	1.8465e-16
PCr	-0.0515261	-4.42264e-05	-1.34725e-06	-0.00119415	5.63405e-05	8.53597e-06	2.23542e-05	0.000195411	0.000151736	0.00103379	0.0493713	0.000348624	-8.43576e-17	6.07249e-22	-0.0547726	0.0563504	2.46277e-15
NADH	-0.356328	-0.000305847	-9.3169e-06	-0.00825812	0.000389622	5.90304e-05	0.00015459	0.00129095	-0.000684719	-0.00595617	-0.312094	-0.00370183	1.20663e-16	4.32357e-21	1.28379	-0.59835	2.5944e-16
DPG	-0.392898	-0.000337236	-1.02731e-05	-0.00910566	0.000429609	6.50887e-05	0.000170456	-0.00189064	0.00023233	0.00288415	0.1656	0.00264147	1.33047e-16	4.64568e-21	-0.194739	0.426958	3.90047e-16
amp	0.563661	0.000483807	1.4738e-05	0.0130632	-0.000616327	-9.33778e-05	-0.00024454	-0.00213767	-0.00165989	-0.011309	-0.540088	-0.00381371	-1.90872e-16	-1.89722e-16	0.599175	-0.616435	1.80104e-16
PEP	-0.112237	-9.63362e-05	-2.93465e-06	-0.00260116	0.000122724	1.85935e-05	4.86931e-05	0.000454924	0.00117055	0.00860054	-0.105903	0.000742314	3.80067e-17	1.33691e-21	0.089697	0.119985	9.25302e-16
atp	-0.000270564	-2.32234e-07	-7.07444e-09	-6.2705e-06	2.95845e-07	4.48225e-08	1.17383e-07	1.02611e-06	7.96768e-07	5.42846e-06	0.000259249	1.83063e-06	9.16212e-20	8.21696e-23	-0.000287612	0.000295897	7.32824e-16
Cr	0.23044	0.000197793	6.0253e-06	0.00534058	-0.000251971	-3.81753e-05	-9.99746e-05	-0.000873936	-0.000678607	-0.00462342	-0.220803	-0.00155915	3.77272e-16	-2.71579e-21	0.244959	-0.252015	2.42296e-15
FDP	0.424935	0.000395401	3.44383e-05	0.0465085	-0.000821192	-7.67284e-06	-0.000136911	-0.00119422	-0.000907281	-0.00616607	-0.294147	-0.00213453	5.06595e-16	-5.56183e-21	0.17866	-0.345018	2.09015e-15
NAD	0.00068441	5.87449e-07	1.78952e-08	1.58616e-05	-7.48358e-07	-1.13381e-07	-2.96926e-07	-2.47956e-06	1.31516e-06	1.14402e-05	0.000599449	7.11021e-06	-2.31762e-19	-8.3044e-24	-0.00246582	0.00114927	5.2763e-16

Unscaled flux control coefficients
Unscaled flux control coefficients
Rows:    Reactions (reduced system)
Columns: Reactions (reduced system)
	(vgp)	(vpglm)	(vpgi)	(vpfk)	(vald)	(vtpi)	(vgapdh)	(vpgk)	(vpgm)	(ven)	(vpk)	(vldh)	(vck)	(vadk)	(vatpase)	(vfout)
(vgp)	-0.000270564	-2.32234e-07	-7.07444e-09	-6.2705e-06	2.95845e-07	-4.48225e-08	5.86913e-08	5.13054e-07	3.98384e-07	2.71423e-06	0.000129625	9.15316e-07	-2.39947e-07	9.77404e-06	0.333237	0.000147948
(vpglm)	-0.000270564	-2.32234e-07	-7.07444e-09	-6.2705e-06	2.95845e-07	-4.48225e-08	5.86913e-08	5.13054e-07	3.98384e-07	2.71423e-06	0.000129625	9.15316e-07	-2.39947e-07	9.77404e-06	0.333237	0.000147948
(vpgi)	-0.000270564	-2.32233e-07	-7.07442e-09	-6.2705e-06	2.95845e-07	-4.48225e-08	5.86911e-08	5.13054e-07	3.98384e-07	2.71423e-06	0.000129625	9.15316e-07	-2.39947e-07	9.77404e-06	0.333237	0.000147948
(vpfk)	-0.000270564	-2.32234e-07	-7.07444e-09	-6.2705e-06	2.95845e-07	-4.48225e-08	5.86913e-08	5.13054e-07	3.98384e-07	2.71423e-06	0.000129625	9.15316e-07	-2.39947e-07	9.77404e-06	0.333237	0.000147948
(vald)	-0.000270564	-2.32234e-07	-7.07445e-09	-6.2705e-06	2.95845e-07	-4.48225e-08	5.86913e-08	5.13054e-07	3.98384e-07	2.71423e-06	0.000129625	9.15316e-07	-2.39947e-07	9.77404e-06	0.333237	0.000147948
(vtpi)	0.000270564	2.32233e-07	7.07444e-09	6.2705e-06	-2.95845e-07	4.48225e-08	-5.86911e-08	-5.13054e-07	-3.98384e-07	-2.71423e-06	-0.000129625	-9.15316e-07	2.39947e-07	-9.77404e-06	-0.333237	-0.000147948
(vgapdh)	-0.000541129	-4.64467e-07	-1.41492e-08	-1.2541e-05	5.9169e-07	-8.96451e-08	1.17383e-07	1.02611e-06	7.96768e-07	5.42846e-06	0.000259249	1.83063e-06	-4.79894e-07	1.95481e-05	0.666475	0.000295897
(vpgk)	-0.000541129	-4.64467e-07	-1.41488e-08	-1.2541e-05	5.9169e-07	-8.96451e-08	1.17383e-07	1.02611e-06	7.96768e-07	5.42846e-06	0.000259249	1.83063e-06	-4.79893e-07	1.95481e-05	0.666475	0.000295897
(vpgm)	-0.000541129	-4.64467e-07	-1.41489e-08	-1.2541e-05	5.9169e-07	-8.96451e-08	1.17382e-07	1.02611e-06	7.96768e-07	5.42846e-06	0.000259249	1.83063e-06	-4.79894e-07	1.95481e-05	0.666475	0.000295897
(ven)	-0.000541129	-4.64467e-07	-1.41489e-08	-1.2541e-05	5.9169e-07	-8.96451e-08	1.17383e-07	1.02611e-06	7.96768e-07	5.42846e-06	0.000259249	1.83063e-06	-4.79894e-07	1.95481e-05	0.666475	0.000295897
(vpk)	-0.000541129	-4.64467e-07	-1.41489e-08	-1.2541e-05	5.9169e-07	-8.96451e-08	1.17383e-07	1.02611e-06	7.96768e-07	5.42846e-06	0.000259249	1.83063e-06	-4.79894e-07	1.95481e-05	0.666475	0.000295897
(vldh)	-0.000541129	-4.64467e-07	-1.41489e-08	-1.2541e-05	5.9169e-07	-8.96451e-08	1.17382e-07	1.02611e-06	7.96768e-07	5.42846e-06	0.000259249	1.83063e-06	-4.79894e-07	1.95481e-05	0.666475	0.000295897
(vck)	-6.0226e-14	-5.05422e-15	8.72953e-15	-1.12e-14	4.37493e-17	-4.68102e-17	-1.06271e-14	2.31172e-15	2.10473e-17	1.97326e-16	4.01553e-14	-1.9637e-15	-6.21725e-15	-1.56583e-14	8.91162e-15	9.26641e-15
(vadk)	-4.28133e-15	-1.24401e-15	3.25908e-15	-1.78563e-15	-4.67089e-19	-1.47868e-18	6.00734e-16	1.14117e-15	1.3472e-16	-3.62657e-17	-2.6318e-15	4.22166e-16	2.50538e-15	1.22125e-15	6.20961e-15	-6.92269e-15
(vatpase)	-0.000811693	-6.96701e-07	-2.12233e-08	-1.88115e-05	8.87535e-07	-1.34468e-07	1.76074e-07	1.53916e-06	1.19515e-06	8.1427e-06	0.000388874	2.74595e-06	-7.1984e-07	2.93221e-05	0.999712	0.000443845
(vfout)	-0.000541129	-4.64467e-07	-1.41489e-08	-1.2541e-05	5.9169e-07	-8.96451e-08	1.17383e-07	1.02611e-06	7.96768e-07	5.42846e-06	0.000259249	1.83063e-06	-4.79894e-07	1.95481e-05	0.666475	0.000295897

Scaled flux control coefficients
Scaled flux control coefficients
Rows:    Reactions (reduced system)
Columns: Reactions (reduced system)
	(vgp)	(vpglm)	(vpgi)	(vpfk)	(vald)	(vtpi)	(vgapdh)	(vpgk)	(vpgm)	(ven)	(vpk)	(vldh)	(vck)	(vadk)	(vatpase)	(vfout)	'Summation Error'
(vgp)	-0.000270564	-2.32234e-07	-7.07444e-09	-6.2705e-06	2.95845e-07	4.48225e-08	1.17383e-07	1.02611e-06	7.96768e-07	5.42846e-06	0.000259249	1.83063e-06	9.16212e-20	8.21696e-23	0.999712	0.000295897	0
(vpglm)	-0.000270564	-2.32234e-07	-7.07444e-09	-6.2705e-06	2.95845e-07	4.48225e-08	1.17383e-07	1.02611e-06	7.96768e-07	5.42846e-06	0.000259249	1.83063e-06	9.16212e-20	8.21696e-23	0.999712	0.000295897	1.33265e-15
(vpgi)	-0.000270564	-2.32233e-07	-7.07442e-09	-6.2705e-06	2.95845e-07	4.48225e-08	1.17382e-07	1.02611e-06	7.96768e-07	5.42846e-06	0.000259249	1.83063e-06	9.16212e-20	8.21696e-23	0.999712	0.000295897	2.07671e-14
(vpfk)	-0.000270564	-2.32234e-07	-7.07444e-09	-6.2705e-06	2.95845e-07	4.48225e-08	1.17383e-07	1.02611e-06	7.96768e-07	5.42846e-06	0.000259249	1.83063e-06	9.16212e-20	8.21696e-23	0.999712	0.000295897	0
(vald)	-0.000270564	-2.32234e-07	-7.07445e-09	-6.2705e-06	2.95845e-07	4.48225e-08	1.17383e-07	1.02611e-06	7.96768e-07	5.42846e-06	0.000259249	1.83063e-06	9.16212e-20	8.21696e-23	0.999712	0.000295897	5.01965e-14
(vtpi)	-0.000270564	-2.32233e-07	-7.07444e-09	-6.2705e-06	2.95845e-07	4.48225e-08	1.17382e-07	1.02611e-06	7.96768e-07	5.42846e-06	0.000259249	1.83063e-06	9.16212e-20	8.21696e-23	0.999712	0.000295897	7.26628e-13
(vgapdh)	-0.000270564	-2.32234e-07	-7.07459e-09	-6.2705e-06	2.95845e-07	4.48225e-08	1.17383e-07	1.02611e-06	7.96768e-07	5.42846e-06	0.000259249	1.83063e-06	9.16214e-20	8.21696e-23	0.999712	0.000295897	5.28174e-13
(vpgk)	-0.000270564	-2.32234e-07	-7.07442e-09	-6.2705e-06	2.95845e-07	4.48225e-08	1.17383e-07	1.02611e-06	7.96768e-07	5.42846e-06	0.000259249	1.83063e-06	9.16212e-20	8.21696e-23	0.999712	0.000295897	1.00615e-13
(vpgm)	-0.000270564	-2.32234e-07	-7.07445e-09	-6.2705e-06	2.95845e-07	4.48225e-08	1.17382e-07	1.02611e-06	7.96768e-07	5.42846e-06	0.000259249	1.83063e-06	9.16212e-20	8.21696e-23	0.999712	0.000295897	4.66428e-14
(ven)	-0.000270564	-2.32234e-07	-7.07444e-09	-6.2705e-06	2.95845e-07	4.48225e-08	1.17383e-07	1.02611e-06	7.96768e-07	5.42846e-06	0.000259249	1.83063e-06	9.16212e-20	8.21696e-23	0.999712	0.000295897	2.42098e-14
(vpk)	-0.000270564	-2.32234e-07	-7.07444e-09	-6.2705e-06	2.95845e-07	4.48225e-08	1.17383e-07	1.02611e-06	7.96768e-07	5.42846e-06	0.000259249	1.83063e-06	9.16212e-20	8.21696e-23	0.999712	0.000295897	2.22108e-16
(vldh)	-0.000270564	-2.32234e-07	-7.07444e-09	-6.2705e-06	2.95845e-07	4.48225e-08	1.17382e-07	1.02611e-06	7.96768e-07	5.42846e-06	0.000259249	1.83063e-06	9.16212e-20	8.21696e-23	0.999712	0.000295897	1.55476e-14
(vck)	0	0	0	0	0	0	0	0	0	0	0	0	1	0	0	0	0
(vadk)	0	0	0	0	0	0	0	0	0	0	0	0	0	1	0	0	0
(vatpase)	-0.000270564	-2.32234e-07	-7.07444e-09	-6.2705e-06	2.95845e-07	4.48225e-08	1.17383e-07	1.02611e-06	7.96768e-07	5.42846e-06	0.000259249	1.83063e-06	9.16212e-20	8.21696e-23	0.999712	0.000295897	1.11054e-16
(vfout)	-0.000270564	-2.32234e-07	-7.07444e-09	-6.2705e-06	2.95845e-07	4.48225e-08	1.17383e-07	1.02611e-06	7.96768e-07	5.42846e-06	0.000259249	1.83063e-06	9.16212e-20	8.21696e-23	0.999712	0.000295897	2.22108e-16

Results of the steady state subtask (the state for which the MCA was performed):
Name:      TaskList[Steady-State]
Type:      Task
Container: 1
Vector:    0
VectorN:   0
Matrix:    0
Reference: 0
Bool:      0
Int:       0
Dbl:       0

